-1.3968 -1.5519 1.9453
-0.85182 1.4029 2.6646
2.058 -0.0074864 -2.0776
0.30509 1.9109 2.5066
-1.6079 -2.2422 0.8612
-1.3192 -1.0854 -2.2238
-1.9706 1.7635 -1.1276
2.1039 2.3625 0.30735
1.208 0.41371 2.8625
-0.82329 0.64171 2.8441
0.92032 2.1417 -1.8236
0.055907 -0.87834 2.9036
-0.79177 0.90066 2.9574
1.7571 -2.2916 -0.022784
0.012536 -2.3148 2.0212
-1.7997 -0.83634 -2.1016
1.3261 2.8041 -0.27963
1.6607 -0.322 2.5023
-0.13454 2.5152 1.9138
1.136 -0.37589 2.8987
0.5251 3.0467 1.0285
-0.54614 0.94949 -2.7326
2.0019 1.1928 2.2928
-0.70824 -1.0973 2.6403
1.2926 2.6495 1.1947
2.7035 0.72481 1.5497
-0.43831 -2.3652 1.5054
-1.531 2.5499 -0.52533
-1.3182 -2.3624 1.1424
-1.6264 1.6366 -1.9376
-1.671 -1.9477 1.4193
1.2344 0.35839 -2.6362
2.4787 -1.3198 -1.3298
0.53666 -1.0591 -2.6008
0.15179 -1.6345 -2.1744
0.96585 -1.9401 1.9689
-1.997 1.9419 1.3548
-1.9896 -1.8567 -0.93777
-1.0147 -0.48194 2.8499
-0.8673 -0.19343 -2.6687
-0.39444 3.1251 -0.22557
0.12575 2.924 -0.60402
-2.2101 0.99916 1.6122
0.49165 2.5832 1.8438
1.0324 -1.9689 -1.7384
3.0389 -0.1332 0.09692
3.1362 0.61888 -0.093789
-2.628 -0.57247 1.1223
2.3889 1.607 1.2796
0.94891 -2.1963 1.6936
2.7757 -0.093618 -1.1932
2.7054 1.3314 1.1967
2.8479 -1.0324 1.0197
2.2259 0.40159 -1.9054
-0.57917 -1.6696 -2.1183
0.84143 -2.7502 0.2301
-1.0637 -0.18573 2.7807
2.2443 -1.8516 -0.75825
2.5236 -1.6397 0.6593
-1.5827 -1.6187 -1.4291
1.8655 2.0092 1.5329
0.715 2.6754 -1.3961
1.3379 2.8943 0.048639
2.7648 0.92157 1.3205
1.703 1.2414 2.5375
-0.739 -0.69155 2.8265
2.9869 -0.88429 0.33963
-1.1961 1.8177 -2.0854
-1.6543 1.1991 -1.9909
2.758 -0.067617 -1.2706
2.3094 -0.66349 2.1718
-1.1406 -2.2707 -1.3787
2.4521 -0.16981 2.1121
0.40224 -2.4672 -1.2975
-0.77461 1.4249 2.7326
-1.2709 -2.3629 -0.86709
0.3085 2.4557 -1.6659
-0.6241 2.5568 -1.3977
-1.0441 -2.4076 0.94407
-2.9129 -0.30643 -0.08856
-2.2792 1.6101 -0.7135
-1.7325 -1.2323 2.1188
0.12107 -2.8148 0.55989
-2.3723 -1.3734 0.4707
-1.5177 -0.4612 2.5158
-2.2697 -1.1115 -1.2389
-2.4447 -0.14497 1.5546
2.3291 1.4975 1.7436
-0.35394 -2.8517 -0.50738
3.2183 0.011211 0.43647
-0.93022 1.4453 -2.4423
1.3927 -0.082367 -2.6462
-1.53 2.5034 0.32781
1.9767 -1.3897 1.9124
-1.1862 0.55414 2.6682
-1.483 1.1068 -1.9731
0.75925 3.0552 0.50039
2.3236 2.3549 -0.13153
-0.13493 0.8305 -2.7621
-0.26627 -2.6838 -0.73393
0.69988 -2.054 -1.8712
-0.69904 -2.1977 1.7816
3.0061 0.18481 -1.0393
1.8357 -2.3075 0.21276
2.0912 -1.0129 -1.9483
0.54532 -2.8225 0.62494
2.7691 0.79854 -1.1967
-2.0084 2.1987 1.1228
-0.68694 -2.6581 1.2285
-0.086284 -2.3719 1.6969
0.58098 3.0184 -0.10829
-0.033879 1.7134 -2.3416
-0.94689 -2.1098 -1.5276
-1.4223 0.42019 2.5698
-1.3737 -1.4617 -2.0635
0.22069 2.3214 2.0403
1.3313 2.9271 0.36722
0.33315 -0.17835 3.0919
0.31271 -1.5255 -2.3696
2.9717 -0.95062 -0.21555
1.6291 1.3855 -2.1565
0.64011 1.0936 2.7957
0.46186 0.2381 -2.8563
-2.4357 0.339 1.7969
1.0499 2.3896 1.9506
1.7432 -1.2034 2.365
1.3628 0.98259 -2.4804
3.0008 0.95473 -0.45737
-2.3328 -0.77588 -1.2302
0.3528 -2.2467 1.9253
-0.90502 2.7513 -0.30176
0.82116 1.7162 2.5011
-1.1698 2.1986 -1.9018
0.68372 2.7801 -1.228
-2.0338 -0.10656 -1.9277
1.7684 -1.053 -2.1102
-1.2314 -1.4044 2.2446
2.3957 1.9039 0.572
-2.2413 2.0435 0.50638
2.0596 0.78594 -1.9198
-1.9044 0.18241 2.2845
-2.5345 1.4091 0.97237
3.0523 0.15138 -0.65851
1.2828 -2.6893 0.10767
-2.7338 0.27841 -0.42708
1.2812 -0.8015 -2.424
1.9081 2.197 -1.5439
-1.308 1.2981 -2.0356
2.0992 -0.99611 -1.7722
2.3422 -1.0414 -1.3675
-0.58984 -2.7611 -0.48131
-0.80184 -0.6693 -2.6365
-0.92597 1.6837 2.5791
1.4061 -0.48942 2.7021
2.2748 2.1798 0.10482
-0.215 -2.9635 0.031752
-1.6062 -2.1059 -0.78226
0.90686 -1.3652 2.5636
-2.1956 1.8549 -0.68915
0.099825 -1.8794 -2.2578
1.2947 -1.8891 1.7665
-1.1717 2.7533 -0.43184
-2.3187 -0.74539 -1.4358
3.0566 -0.3415 -0.4659
-1.4856 -0.38362 -2.3077
-0.80785 1.9208 -1.9718
-0.80705 -0.76851 2.7071
-0.77398 0.98203 2.9574
0.17619 -2.8742 0.45622
-1.1044 0.76852 -2.5559
-2.3006 0.33492 -1.3998
-0.77824 -2.6121 -0.79535
2.3784 -0.32316 2.0819
-0.26344 0.65397 -2.7943
0.65287 -0.83637 -2.7393
0.030966 -2.1188 -1.8363
2.8723 -0.67868 1.0451
2.6551 0.74737 1.5527
-1.6763 2.4245 0.97216
-1.5153 -2.3801 -0.17113
-0.39938 2.9731 0.4575
0.42893 2.8566 -1.0001
-0.39718 -2.2986 1.4819
-1.661 -1.5074 -1.8417
-2.1366 -1.2979 1.2831
-1.0824 -1.7182 -1.7079
2.9008 1.0735 -0.5421
-1.5262 2.4156 0.78504
-2.1877 0.7565 1.7725
0.11719 1.7483 -2.3442
-0.11548 -1.4967 2.6703
1.5521 -1.8476 1.8701
-0.51625 3.1782 -0.006256
-0.30842 -2.8919 -0.35148
2.1651 2.3681 -0.15113
1.4507 -2.2575 -1.1113
2.0775 2.502 0.26818
-2.391 -1.3724 0.25242
-1.382 1.84 2.0106
1.0621 -2.1754 1.769
-2.8575 0.16324 0.90327
-2.6998 0.37535 -0.65989
1.8125 -1.4532 2.0876
-1.6334 2.6233 0.34727
-2.6668 1.0218 -0.81534
1.5342 -0.1282 2.7051
2.0841 0.63253 2.3645
3.181 -0.29242 0.52688
1.1953 2.7966 0.96613
-1.4484 -2.378 0.64859
-2.0695 -1.0139 -1.5967
-1.0906 -2.3228 -1.0127
-1.7248 2.4028 -0.16848
-1.6662 -1.6812 -1.4733
0.90174 -1.9359 2.0775
2.5954 0.31452 -1.7258
2.2987 1.3557 -1.5275
2.4677 -0.27346 -1.9701
-1.4431 -1.9624 -1.6177
0.40167 3.1587 -0.15482
-2.0887 1.7159 -0.99985
1.378 1.2374 2.632
-0.14775 3.1443 -0.32777
-0.040882 2.3561 -1.8533
-0.82615 1.6899 2.4667
0.6991 0.77732 2.9662
-1.5236 2.5142 -0.28279
1.4288 1.4487 -2.1373
2.017 -1.5307 -1.3299
2.5273 1.6965 -0.43148
2.8729 -1.0853 0.60219
-1.9199 1.7898 -1.2051
2.9493 0.91131 0.7857
-1.3481 2.3485 1.4761
-0.148 -2.3587 -1.5054
0.70995 -1.6334 -2.0495
-2.4333 -0.63774 -0.975
-0.98028 -2.5053 -1.0248
2.4389 -1.704 -0.29886
2.94 1.156 0.22921
-0.48531 1.6866 -2.3624
2.6983 0.75916 -1.2126
1.0306 2.4319 1.8538
0.038809 -0.86615 -2.7936
-0.085512 -1.4229 2.5738
1.9808 -1.8332 1.4202
-2.4334 -1.3952 0.065194
2.7083 1.3316 0.59881
2.2885 -1.14 -1.48
0.97828 -2.6379 -0.16926
-0.21691 1.2009 2.7794
-2.7289 -0.79578 0.48464
3.002 -0.1925 0.28642
-0.33603 -2.2787 -1.4983
1.7714 -2.5014 -0.0055921
-2.4229 1.4113 0.94521
-2.6301 0.59383 1.2808
-2.5592 -1.0098 -0.41386
-0.12363 2.9229 -0.67857
0.1306 -0.46198 3.1706
-1.0725 -0.010434 -2.5633
-0.91119 -1.2872 2.3306
-0.59017 1.6181 2.5391
1.6371 1.9215 1.9815
-1.5254 0.44538 -2.3063
-1.6214 2.0416 -1.3122
0.74918 -2.6238 -0.74997
0.55991 -2.5686 1.3196
-0.78042 -1.5638 -1.9894
1.8319 2.1843 1.471
1.9189 0.43765 -2.1304
-2.4308 -0.94637 1.0464
-0.81675 2.908 0.0065467
2.4649 -0.79474 1.7558
2.8347 -0.26942 1.3643
-0.22908 1.9338 2.5619
0.59448 -1.6101 2.3624
2.3803 -1.5149 -0.97778
-2.2439 -1.3848 1.2342
1.9898 -1.4744 -1.5763
1.0536 -0.28007 -2.614
-2.2827 -0.62401 1.6421
-0.34463 -2.7257 0.2427
-2.5103 -1.1978 0.12914
1.9728 0.49234 2.6752
-2.7511 1.1414 0.69672
-1.7547 -2.1696 0.94562
-2.0618 -0.08878 2.2893
-1.4804 1.8316 1.8515
2.8859 -0.92446 0.53828
1.14 -2.019 -1.6787
1.6932 -1.8394 -1.3517
-1.1702 1.3911 2.3197
-0.817 -0.41661 -2.6679
2.1053 -2.0525 0.1402
2.0839 -0.88331 -1.9312
-0.22761 -0.57437 2.8881
0.75142 2.7689 1.342
-1.6447 -2.2733 0.02851
2.7542 1.4517 -0.05254
-1.1574 0.98857 -2.5376
-1.1785 -2.278 1.1872
1.2806 -0.25318 -2.5237
0.7609 -1.2156 -2.4662
-2.8204 0.41743 0.20086
0.20425 -1.5747 -2.4076
-1.9254 1.2706 1.9637
2.4464 -0.20145 1.9651
2.7085 -0.12219 1.342
1.4446 -1.37 -1.9252
-2.1729 1.8971 0.95954
-2.6365 0.85927 0.2643
0.26284 1.1605 2.9399
0.64553 -2.5892 0.95619
1.8943 -1.3799 1.9651
2.723 -1.4596 -0.19714
-2.7028 -0.86337 -0.37973
-1.6639 -1.1914 2.0858
1.1244 1.4515 -2.458
1.754 -0.99601 -1.9801
-2.0953 0.93456 -1.7931
0.99337 2.834 -0.44244
2.0391 -1.1473 2.1789
0.37049 -2.3185 2.0219
1.1594 -0.86287 -2.4789
-0.40553 2.9349 -0.42685
-1.3258 -2.4457 0.33342
-1.384 -2.2905 -0.41897
2.2804 2.1488 1.0741
-2.3551 1.771 0.98614
-0.3691 2.9268 -1.2345
-0.38591 -2.735 -0.28499
-0.13712 0.86673 -2.7989
0.672 -0.36083 3.1305
1.184 -1.8259 -1.8394
-1.3738 1.269 -2.1169
-2.7415 0.14012 -0.61924
-0.61325 -2.1569 -1.6011
1.642 -2.4706 0.055329
-2.0307 -1.6801 -0.82673
-0.94895 -0.35488 2.7546
-0.6887 1.4943 2.6806
-1.1402 0.44705 -2.4432
-0.56699 -2.4273 1.5607
2.1184 -1.6455 -1.2654
-0.33029 -2.8489 -0.26457
3.196 0.49333 0.3104
-0.51008 -1.0217 2.8766
-2.6716 1.1303 -0.49257
-0.55296 0.40515 3.0262
2.2712 1.8682 -1.0217
1.2132 -2.3821 1.348
-1.0386 2.6568 1.1176
0.12019 3.182 0.31489
-1.4876 2.3585 1.339
-1.9345 2.1383 1.2275
-2.0991 -0.54724 -1.7606
-1.7496 -0.54514 -1.9952
-0.066408 0.27593 3.0193
-1.6389 1.4381 -1.8455
-1.0376 -0.015927 -2.7769
-1.5337 -2.4255 0.50351
1.919 -0.34971 2.4634
-0.41139 -2.706 1.0519
-1.8802 1.4234 -1.663
1.5729 -2.4301 -0.68674
2.0578 2.4205 -0.011069
0.78691 0.47521 2.9666
1.8813 1.2758 -2.0463
1.1572 1.8098 2.188
-1.1534 2.6585 0.8893
-0.71043 2.9799 -0.50477
2.3624 0.25251 -1.8504
-2.6499 -0.58736 -0.40181
2.5084 1.7654 -0.10477
1.3913 1.5866 -2.2223
-1.8049 -2.0689 0.5399
1.8212 -1.7365 -1.4823
2.9152 -0.22544 -0.56304
-2.544 -1.0582 0.5593
2.705 -0.030582 -1.4407
-2.5277 -0.8147 -1.2346
-2.759 -0.2238 0.79466
-1.1345 2.3952 -1.4064
-2.0121 1.2181 2.0969
-0.65211 0.17736 3.0157
2.6494 1.3368 1.4585
2.2924 -1.6372 -0.75063
2.8905 1.21 0.71425
-1.6101 0.95195 -2.2878
0.81836 -1.5233 2.5664
-1.4658 1.3873 2.3896
-1.5517 -1.3327 1.9919
1.1878 -2.2136 -1.2258
2.2458 -1.8977 0.81176
0.93575 -0.26189 -2.7083
1.1701 2.8905 -0.40313
0.034948 2.9102 -1.0929
1.8998 -1.1067 -1.8861
-1.7135 -1.1031 -1.8453
-2.759 0.12995 -0.39564
-1.2833 -1.0082 -2.2971
1.2735 -2.4268 0.63627
-2.7298 -0.5794 -0.0048315
0.97807 2.7712 1.1896
-2.6312 0.85594 1.2078
-2.3679 1.3817 0.90281
1.1856 -0.057665 -2.779
-0.97063 -0.98797 -2.362
-0.7897 -2.4828 -0.87075
-0.36792 -2.8603 0.28411
-1.4179 2.5608 0.96898
-2.8358 -0.2808 -0.44667
-2.1393 -0.77831 2.0239
1.6794 2.4861 1.4923
-0.88411 -0.35921 2.9135
-0.80776 -2.7777 0.42596
-2.4229 1.2919 -0.82113
1.1585 -1.5574 -2.1284
-0.29719 -2.7916 0.75225
-1.5554 2.0857 1.7454
-2.6228 1.049 -0.23761
-1.2922 1.3264 -2.4026
0.59578 -2.4404 -1.3685
-0.030044 -2.035 -1.9479
-2.333 1.3212 -1.0876
-0.93586 -2.5548 -0.25886
3.0648 -0.88449 0.2168
0.73773 -2.844 -0.23577
-0.43601 -1.7076 2.4855
2.3572 1.9604 0.25903
-0.98442 0.94117 2.7561
-2.3477 -1.443 0.99249
-0.94497 0.45975 2.9442
2.4996 0.95169 -1.4724
0.45253 2.8132 1.2299
1.4748 -2.3173 -1.2147
2.9807 0.34761 1.2705
1.8457 -1.9027 1.3488
1.5501 0.81436 -2.5503
-1.2525 -2.0762 -1.3606
-2.3863 0.23046 -1.4975
0.57207 2.8688 1.2395
-1.7701 -0.9329 2.1987
2.2264 2.1229 -0.77661
-1.1268 -1.998 1.8533
-2.1073 -1.5654 1.2828
0.59935 0.29205 -2.9215
2.9673 1.0735 0.71445
1.8198 2.6255 -0.60125
1.8772 0.32525 2.6694
-0.081923 0.21559 -2.7704
1.5672 -2.5459 -0.10264
-2.0725 -1.9703 -0.25245
-2.9029 -0.36222 -0.15289
1.8882 -1.7005 1.7584
2.4092 1.8083 -0.96797
2.1293 -1.2978 1.9326
2.4392 2.104 -0.0028271
-0.93221 0.052313 -2.5783
1.5215 1.9528 -1.9172
-2.4584 -0.73232 1.4004
3.2086 0.094613 0.032825
0.37186 -2.0404 -2.0297
1.7466 -2.1923 -0.94474
2.5943 -1.3167 0.75347
2.4089 -0.17237 -1.6153
-2.505 0.080006 1.4961
-0.23689 2.5626 -1.4005
1.5168 1.1162 2.5944
-2.64 0.046839 -1.3789
-1.9713 -1.1804 1.7181
0.35984 -2.1853 -1.6613
2.3891 1.4058 -1.2103
-0.6959 -1.3056 -2.4418
-2.8981 -0.22055 0.51887
1.4803 2.4805 1.2654
2.9029 -1.0303 0.36191
-2.4595 -1.5315 -0.28075
-2.6732 1.107 0.86991
2.8704 -0.86721 1.0652
-1.3699 -2.195 1.1719
-2.6514 0.96188 0.8231
0.74386 -1.1002 2.7725
-2.2418 -0.28187 -1.5673
-2.5263 -0.68971 1.486
-0.90204 -2.2355 -1.3366
-1.173 1.5954 -2.0378
0.26028 3.1183 0.8679
-2.3962 -1.1816 -0.082748
2.1932 -1.9892 -0.047407
-2.1434 1.6653 1.1104
1.9352 1.6812 1.7264
-2.64 1.1882 -0.86691
-0.6959 2.7267 1.1357
-2.2336 1.7572 -0.28706
1.289 -1.8064 2.1202
-1.7149 1.486 2.2075
-1.9142 1.8135 -1.4437
-1.7159 2.3925 0.77546
2.0965 2.5145 0.56054
-0.022487 3.1277 0.28267
1.8562 1.0496 2.3774
-2.3164 1.3386 -1.3322
0.048169 2.9436 -0.85178
-0.47693 1.9781 -2.16
-1.1288 0.716 2.8236
2.3239 2.0188 0.8765
-2.7853 0.21315 0.028118
-0.55463 -2.717 0.98001
0.35537 2.9977 0.47014
0.83047 -2.7552 1.0476
2.6708 1.4061 0.48287
-2.1138 1.7136 1.5519
3.0181 0.21533 0.17303
0.15212 0.67245 3.0104
2.4857 0.22292 -1.4902
0.79422 1.9129 -2.35
1.2578 1.6403 -2.2444
-0.030594 1.6696 -2.5435
1.5703 2.8183 -0.38898
1.9961 2.3339 -0.28371
-2.2653 -1.4339 -0.60696
2.2874 -1.4615 1.7767
2.7775 -0.91548 0.90048
0.48782 2.53 1.6952
-1.3658 0.22414 2.6149
-0.48107 0.77138 2.9929
-2.241 -0.30234 -1.8417
-0.019688 2.1925 -2.1512
2.6656 1.3867 1.21
-1.4987 0.78004 -2.3244
1.4978 2.8058 0.32051
3.1917 0.64063 0.39609
2.0121 -0.40422 2.2915
-2.648 1.367 -0.078684
2.9578 -0.48643 -0.5608
0.36649 -2.5795 1.189
2.8443 0.30899 1.6441
-1.1584 -2.6412 0.1926
-0.67145 -2.5495 -0.78926
-1.1252 -1.6582 -1.8954
-2.68 -0.82776 0.66533
0.74044 2.7387 -1.293
0.28984 -1.0485 -2.6506
0.47967 2.652 1.6325
-1.6494 2.0479 -1.3448
2.3646 -1.6643 -0.25978
1.7444 -2.1681 1.2424
-2.3376 1.6908 -0.75267
-0.87368 2.6217 1.5879
-2.2174 -1.7445 -0.48981
2.5736 -1.3897 1.2634
2.482 -1.2408 1.3471
-2.2817 -1.4343 -0.24655
-0.17768 0.96712 -2.7632
1.738 -2.1932 -0.99821
-2.6748 1.074 -0.35139
2.4429 -1.4105 -1.1361
2.4962 0.61902 -1.6225
-2.0249 -0.32209 2.1126
-0.50011 -2.6607 -0.22906
0.81741 1.8333 2.5158
-1.359 2.6061 -0.44208
1.0222 2.586 1.8072
-1.15 2.7059 -0.37459
-1.7618 1.5073 1.8789
-2.3092 -0.53414 1.6295
2.9202 1.0446 -0.61261
-2.2265 -0.72842 -1.6394
-0.31813 2.5453 1.7517
0.17749 1.3147 2.9394
0.12379 3.0343 -0.853
1.7487 2.4238 1.0646
3.1059 -0.72987 -0.33116
2.0789 -0.64152 2.1772
1.0673 -2.1821 1.7084
-0.083334 -2.1464 -1.9774
0.99186 1.8699 2.2746
-0.38179 0.60754 2.975
1.3288 2.818 0.28627
1.9544 0.032725 2.5382
-0.97699 2.8448 0.52934
-0.65169 -1.9904 -1.909
-1.6058 -1.6089 -1.6312
-2.692 -0.60662 -0.49487
-2.2676 1.1873 1.703
-0.36358 2.3011 2.027
-2.2819 0.21496 1.7465
0.31096 -2.5497 -1.0655
0.26805 -2.9324 0.40386
-1.3364 -0.59742 -2.2824
0.032693 -1.7359 -2.1339
-1.0936 -1.4011 -2.0263
2.2177 2.1096 1.2783
-2.9776 0.092651 -0.020182
-1.1068 2.1126 -1.7604
2.5188 1.7377 0.032452
1.483 1.7676 -1.9941
0.64646 1.3049 -2.4499
-0.9908 -1.7702 2.1744
-2.5699 1.4036 0.51314
-0.28952 -1.3724 2.5842
-0.037174 2.8851 1.2188
3.1546 0.24271 0.70522
-2.1298 -0.39457 1.9411
-0.16189 2.086 2.4815
0.79257 0.014596 3.018
0.12648 0.13925 -2.8291
-1.5286 1.3308 2.2057
3.0508 0.5544 0.85898
-0.16115 -0.30505 3.0646
1.803 -2.4931 0.40191
3.1367 -0.2922 -0.050417
2.3843 0.99299 1.9022
-2.3203 0.81415 -1.6045
-2.5421 -1.2793 0.22978
-0.47354 -1.489 2.5132
-0.45452 -2.7752 0.46911
-1.0713 -1.6934 2.2502
-0.35647 -2.5985 1.5585
-1.8596 2.1631 0.59794
-2.2473 -1.1783 -1.3312
2.3336 2.0441 1.2075
1.7769 0.83468 -2.4357
3.0108 -0.31633 0.88936
-0.58648 2.9619 1.0745
-2.1596 -1.2757 1.4179
1.9956 -0.32276 2.4946
0.51846 0.76727 3.1282
0.89452 2.5712 1.6411
-1.4223 2.6018 0.71367
1.6515 -0.60435 2.7075
-2.2039 2.0969 0.58738
0.046873 0.92581 -2.86
1.2159 1.6205 -2.213
-1.5941 1.471 2.2881
-1.92 2.1327 0.038975
1.6567 1.6038 2.1578
-2.1711 1.2161 -1.5503
2.6494 1.7941 0.53417
-2.0723 -1.8166 0.96282
1.0764 0.19886 -2.7064
-2.61 -1.1063 0.83933
0.83531 -2.7826 -0.66525
0.1891 1.4778 -2.6709
-2.7559 1.1376 0.061468
-2.0727 -0.88387 -1.7673
1.869 0.88733 -2.1169
-2.3239 0.1413 -1.5311
-1.1541 -1.6117 -2.0142
0.47278 2.411 -1.8573
0.79719 -0.80559 -2.5117
2.9514 -0.46551 1.0424
1.6448 -2.1292 -1.2192
-2.9451 -0.031582 0.29658
-0.45007 2.7376 1.3677
0.090346 -2.8712 0.12259
0.3127 3.1904 0.35544
3.0154 -0.56349 -0.1577
-1.2028 -1.1748 -2.2333
-2.2451 -1.6713 0.16029
1.1628 1.9528 2.3537
1.9191 1.2437 2.2677
0.10575 2.8833 -1.1668
1.6886 -1.6607 -1.5219
2.7591 -1.5567 0.39271
-0.88119 -2.6158 0.97279
-0.39227 -2.8904 -0.33524
0.55251 2.4704 -1.6679
-0.9906 -0.39201 2.8499
0.73112 -1.4797 -2.3169
-1.348 1.0783 -2.2218
2.1933 -0.016087 -1.9898
1.9821 1.2762 -1.9317
-1.2016 2.722 0.93571
-2.8639 -0.014637 0.54897
1.245 0.70526 -2.5296
-0.11301 -1.3309 2.7956
-2.4179 -0.82398 1.4395
-2.3501 -0.32332 1.5273
0.84311 -1.2278 -2.481
1.5244 -1.458 2.2736
0.46264 -1.2722 2.629
-0.1919 0.82731 3.0925
-1.7885 0.70435 2.1618
0.28227 -2.3713 1.8208
2.4434 1.9524 0.08958
2.0006 1.6576 -1.6904
-0.1813 3.0379 -0.47788
-1.8772 -0.22641 -1.969
1.265 0.016255 -2.7189
-0.14703 -1.3311 2.856
-0.80337 2.7588 -1.1284
-0.5435 2.8495 -0.99953
1.762 -2.0723 -0.77874
2.6631 -1.4852 -0.097962
-1.6084 -2.1035 1.0454
-0.028029 1.1557 -2.7067
1.8957 1.2725 2.2769
1.6865 -2.39 0.40774
-1.6892 -0.90112 2.1256
2.7222 -0.67511 -0.69258
2.9304 1.2524 -0.26506
-0.94884 -0.52997 -2.6133
-0.47378 2.3778 -1.7771
1.4404 -2.2731 1.053
1.093 2.8472 -0.80862
-1.4489 0.68265 2.6118
-1.3662 1.2469 -2.0547
0.36053 -0.50821 3.0282
-1.293 -2.4923 0.44022
0.8552 2.6845 1.2808
0.15083 0.36879 3.1532
2.0209 2.2017 -1.0982
-1.1918 -2.5593 -0.4914
-2.6488 -1.0764 -0.078165
1.3668 2.4583 1.8059
1.6063 2.0923 1.9751
-1.7512 0.41243 -2.34
2.1376 -1.1124 -1.7214
-2.5011 -0.88295 -0.71831
1.4125 0.41358 -2.6217
2.8464 1.1322 0.18901
1.0795 -2.6245 -0.82042
-1.9687 0.81025 -1.8052
-1.6884 1.7738 -1.6734
0.53683 -1.6541 2.5865
-1.7227 2.2714 1.2313
-2.901 -0.59781 -0.11901
-0.37221 -1.5699 2.5759
1.4838 -1.1903 -2.2854
-1.0893 2.3821 1.6686
-1.4862 -1.9896 1.4515
3.156 -0.37824 0.59669
2.0804 1.1022 -1.8224
-2.3993 -1.3015 0.70816
-2.1761 1.5762 -1.0045
-0.65763 2.0699 -2.026
-0.11281 2.6145 -1.6869
0.23303 -1.6508 2.5438
1.7683 0.1641 -2.539
1.1925 2.4992 -1.3086
0.28046 -1.2894 -2.4559
1.0649 2.9036 -0.22092
0.78096 0.17229 -2.7504
0.80384 -1.682 2.6273
-2.0146 1.1755 -1.7887
-0.17118 -1.4887 -2.2517
-2.6189 0.23021 -0.94904
1.2023 -2.7299 -0.068296
-0.90027 1.6721 -2.3423
0.59784 0.19645 3.0795
-2.1719 -1.4226 -1.0038
2.4946 -1.3657 -1.1346
0.68665 1.4581 -2.5941
-2.2759 1.1596 -1.0979
0.00965 -1.1554 -2.5788
2.9933 0.88451 0.23057
2.4143 -0.59917 1.6735
0.45544 -2.8294 0.91955
-1.4734 -0.5314 -2.2292
0.75207 1.563 -2.2901
-2.4397 0.10505 1.7997
-1.6134 -0.14963 2.6561
3.0636 -0.10253 0.21559
1.1625 -1.3671 -2.1429
2.2337 -0.47166 2.0386
-1.2085 -2.343 -0.91424
-2.1438 1.6898 -1.0306
2.4267 -0.80862 1.5649
-0.49107 0.32149 -2.8966
0.3718 1.4262 -2.7023
-2.1583 1.7435 1.2463
-0.78744 -2.5873 0.79088
-2.6531 -0.92921 0.37176
0.32974 -2.4414 1.613
2.8162 0.028612 1.4136
2.4216 -0.42814 1.9176
-2.6157 -0.57611 -1.208
2.7168 -0.39194 1.3766
2.4132 2.1404 0.57003
2.8972 0.95847 -0.54586
-0.316 1.5342 -2.6121
-2.0012 -1.1007 1.8729
-2.6409 -0.52731 -0.95326
2.5401 -1.6502 0.82939
-2.3234 -0.60007 1.5595
-1.507 0.81844 -2.2083
-1.7134 -0.35502 -2.1903
-0.58156 -2.7138 0.4301
3.0176 0.45042 0.069827
0.60636 -1.6403 2.3464
1.682 2.0344 1.9114
-2.5489 0.6037 1.6276
0.11094 1.4814 -2.6635
-0.89807 1.2932 -2.4521
-0.76447 -1.2218 -2.3039
1.3437 2.2495 1.8638
-0.12399 1.4521 2.8956
0.88628 3.3427 1.487
0.68509 1.6433 -2.4969
-1.0146 2.5305 1.5022
1.3506 -0.62683 -1.7735
-2.5606 0.95484 -2.1709
-2.492 0.43098 1.1228
1.2614 0.77307 -0.70554
3.0402 -1.0801 1.2924
-1.8285 2.6676 0.83342
1.4195 -2.2757 0.16072
-1.7803 -1.8582 1.2638
-1.757 1.6632 -2.3898
1.8459 -1.068 0.7088
0.22637 -0.74151 3.0024
-1.9957 0.80198 2.381
0.69404 -3.1179 -2.0203
2.3815 -1.8526 -0.61858
-2.7819 1.2598 -1.1682
-1.6698 1.7598 1.1023
-2.1745 -1.6959 0.22939
1.9422 -1.8649 2.1698
-0.50455 -2.1104 -1.5496
-1.9733 1.2612 -1.3341
-0.30786 -0.70203 -2.231
2.7689 -0.74796 2.0182
-1.986 0.027112 -2.0553
-3.089 0.98455 -0.5718
-1.0661 2.8167 0.29015
2.6079 2.212 -2.3817
1.5255 1.8135 1.094
2.1799 3.0215 0.12818
-1.6922 -0.41668 -2.4605
2.6388 0.096155 2.3116
1.6105 -1.1636 -3.2789
-1.7624 -2.9979 -1.4411
2.3112 -0.95827 -1.7712
2.9636 1.053 -0.17162
0.38211 0.62944 -2.783
-2.251 -0.18308 -0.32658
1.3286 2.1648 -2.8078
1.8481 0.10415 -2.2919
-0.35761 -2.157 1.494
-1.8125 1.4879 -1.3148
1.076 -3.029 1.5874
-0.86528 0.66096 2.5156
-2.7207 1.2794 0.037671
2.9128 2.1819 1.1874
2.4372 0.32027 1.5643
2.4744 1.4977 -1.3555
-2.507 -0.96417 1.4434
-0.048863 2.5836 -2.2642
1.2115 -2.7333 2.3856
1.6529 -2.1241 -1.8565
2.6045 -1.1085 -1.4574
-1.9778 0.15591 2.703
0.56214 3.3334 -0.6278
0.44915 2.8344 1.333
-3.2113 0.18343 -0.49256
0.32199 -2.3293 -0.43529
-1.0154 1.1657 -2.6479
-2.978 1.3879 1.5953
-1.6656 -1.9589 -0.046304
2.68 -2.4756 0.069908
1.3256 2.5688 1.3029
-0.40339 -2.6264 -1.498
-2.3988 -0.47576 -1.0313
-2.2418 -0.55769 1.4913
1.6328 -2.2466 1.2722
-1.8561 1.3074 -2.3996
0.42809 1.7924 -3.3748
-1.1805 0.12125 -2.5039
-0.80634 -0.32977 -2.8692
-1.2189 2.1555 -0.64449
0.68003 -2.2544 0.825
2.4087 -0.91384 1.9557
3.4204 0.051995 0.22852
1.8448 1.5262 -2.362
0.11744 2.5814 0.45993
1.9633 -0.17147 -2.5196
-1.1064 -2.1713 -2.2446
1.2373 -0.2617 -2.3445
-1.3209 0.83235 -1.9535
1.88 -0.91115 -1.1729
-2.2609 -1.2452 -1.1442
-1.9874 3.2364 -1.6937
1.1453 2.0292 -0.22313
-2.1293 2.5033 -2.1874
2.3456 -1.2262 -0.20814
1.4181 1.3783 2.4572
-2.9144 1.5769 0.99998
1.8924 -1.4087 -0.67622
2.624 0.058354 -2.0924
-0.74653 -1.7354 -0.95674
1.399 -1.0468 -2.7422
-0.26244 0.36789 2.2574
1.6476 2.531 0.58379
-0.67382 -4.0341 -0.24023
1.8965 -3.103 -1.4088
-1.8781 -1.4781 -1.8228
2.5458 -0.6706 -0.29616
0.022864 1.5275 3.2613
0.067184 -3.3765 -2.218
-1.3287 2.1869 -1.0511
-2.2456 2.0385 -0.62138
0.64514 2.0334 -2.7774
1.1293 -1.3606 1.356
-2.1994 -0.88982 -0.33309
-0.084525 -0.13508 3.9096
1.0909 -3.8358 -1.2375
2.5008 1.2232 0.37302
2.265 -1.6946 -2.6855
-2.8073 0.96917 -0.99699
-0.046772 -0.89822 -2.2859
-0.053576 -4.0676 1.328
1.2271 -1.1282 1.9922
1.8353 2.1261 -1.1505
-2.5191 0.37986 0.99465
-2.0314 -2.5144 -1.021
2.5716 -0.29008 0.74063
1.1978 -1.6408 1.8121
2.2132 -1.8864 1.4987
-2.5433 -1.0908 -0.55175
-2.1533 -0.60506 -0.59482
2.1911 -3.0128 -0.77455
3.042 0.048099 -1.3782
2.6781 -1.382 -0.67889
-2.875 2.8215 0.52208
2.5608 1.5321 0.60514
-0.047945 -3.0513 -1.1969
2.0756 1.4557 -0.24783
1.3517 -0.19825 -1.7325
-0.80949 -1.2671 -2.1752
0.061899 3.5692 -1.718
-1.0942 2.0835 -0.79257
-2.2826 1.8647 1.2293
-1.5201 0.83549 2.7256
-0.85519 -0.68731 2.0884
-3.1786 -0.9643 -0.80492
1.3064 3.741 -1.1869
0.57852 2.3286 0.74235
2.036 2.1857 1.4085
-0.81743 1.7885 1.5141
0.19337 -2.1526 2.0086
0.66324 3.4296 -2.5441
0.025495 -1.8063 0.39312
-1.1136 -3.3258 -0.046416
0.8751 -2.9568 -2.0869
0.71746 -1.5379 -1.5201
-0.5219 2.0249 1.5075
-1.4235 2.076 -1.8644
-2.0423 0.63332 -0.99737
-1.2196 2.6849 1.523
1.1117 -0.35753 2.3579
1.6208 -2.818 0.33893
-2.6494 -1.0612 2.4176
-0.42116 2.7511 -1.3781
-0.23918 -0.82586 2.0565
0.53021 2.8168 0.33766
-2.7309 -0.4342 1.6108
-0.99105 -0.090274 -3.548
-2.2263 -0.10357 1.9996
2.3169 0.27198 1.4576
0.080509 -3.051 -2.1347
2.8142 -0.2771 -0.25227
0.06364 3.1963 -1.9585
-2.6971 -1.4146 -0.25752
2.7935 0.18441 0.33073
0.46545 -2.0581 -0.57431
-2.1224 -2.6955 -2.3913
1.6917 -1.7105 -0.73375
0.58709 0.67092 -2.4173
1.594 -2.0264 2.1108
-2.0794 1.4393 1.4597
1.76 -0.8782 3.1509
-2.675 -0.49622 -2.4058
0.59499 1.2442 2.7965
0.46705 1.1405 1.5826
-1.2753 3.0974 1.0898
2.3164 2.1359 -0.99082
-0.45341 -3.0874 -1.6586
0.19892 -2.1953 1.9221
-2.5539 -1.6854 -1.6678
-0.85577 0.32468 -2.3267
1.2959 -3.0685 2.4727
-2.0321 -0.99622 0.81403
3.1855 -1.107 0.74336
1.9189 -0.36025 1.6335
-1.955 2.2686 -0.70441
-2.5571 -0.42011 -0.49629
-1.8449 2.339 1.6059
-1.6909 -1.6686 -1.8798
0.59463 -2.0889 1.4136
0.28639 -1.5139 2.3906
1.2804 0.63739 1.906
1.0873 -1.4683 -0.041272
3.4301 0.96914 0.96399
-0.9666 -0.19813 3.2938
-0.4249 -2.1282 -0.26002
0.020877 -0.51061 -2.7691
-1.0945 2.7905 1.7743
